100
3 26000000 6000000 11000000
3 10 11 1
2 98117989 15297322
2 49978185 21223547
3 91608130 29550695 91608130
3 94960026 42662426 94960026
3 82103658 32831544 82103658
2 9415960 91584766
3 11162908 27223228 27223228
3 87755198 8410379 87755198
2 40536122 99854740
2 26159703 66303400
3 69531708 35821761 35821761
3 76700570 43036143 76700570
2 1868715 2502968
3 16367450 16367450 23123107
2 5373169 5575102
2 50190699 33371599
2 33216775 43401553
3 22931247 17596005 22931247
2 43295469 69653952
2 524709 592353
3 3754459 33790131 3754459
2 72773922 36386961
3 19620650 39241300 19620650
2 46930655 93861310
2 60457976 15114494
2 84519093 28173031
2 6665183 19995549
2 3705673 62996441
3 11840278 11840278 82881946
3 46637042 93274084 93274084
2 90730044 68047533
2 72653440 79918784
2 95964795 76771836
3 71551844 69447378 71551844
2 66519008 83148760
2 36290652 18145326
2 76013692 95017115
3 93525208 70143906 70143906
3 17013968 17013968 34027936
3 89965530 71972424 89965530
3 6049 6048 8793
3 41607 41608 1010
3 285683 1010 2034
3 16436129 78518786 46543297
3 81926397 3604773 20754792
3 30766754 66695850 20059874
3 10052584 55605180 39227242
3 479444 70879540 22360394
3 51015264 29065451 20906059
3 15775611 29834987 20781883
3 5632026 20843626 48210226
3 26156 621 70781
3 59724210 75589878 95383386
3 18250699 6876739 5296225
3 5178810 4232620 3684310
3 45209971 16725417 62240656
3 72377371 76949624 7324411
3 50010541 41949962 11009627
3 2143048 33599720 81540898
3 9795049 5956203 18994495
3 54797126 55926296 12487211
3 37936201 9982705 57299603
3 4919265 3129867 988767
3 15934050 5910708 10832016
3 25389734 147894 26219862
3 31982902 11442454 50638198
3 93623530 44596972 6624946
3 7361272 10206273 23514961
3 34698168 20116812 64248108
3 45661187 79839733 542777
3 3386823 38562549 26878953
3 21910743 18802125 14536596
3 99708240 29162947 68600811
3 34125210 8144395 49784520
3 15743233 8349322 3036371
3 23530868 9544515 38641852
3 79159212 29949170 57011332
3 6779404 14802184 685349
3 14948441 42605081 21573785
3 16358146 22127479 818215
3 11794827 10959795 48631125
3 77047453 22259593 60242413
3 66826018 24368547 10922114
3 71850758 120486 23126558
3 10418780 2304699 29290150
3 7269478 57376749 32939291
3 40530387 68532483 22964529
3 18158893 29885044 22756735
3 8636751 20305190 43110804
3 16618374 27822918 3764022
3 73391237 52889237 23203412
3 27609590 15130334 12499778
3 5085390 1517204 6387436
3 41113600 20375760 57915280
3 13864313 20123254 748769
3 46015200 22784496 85797432
3 20377 19995723 10081675
3 2044178 7018532 10622276
