100
3 26000000 6000000 11000000
3 11 1 10
3 48411211 97500309 97500309
3 71796986 20582951 71796986
3 42163665 94769812 94769812
2 49292374 6649611
2 5615042 97080643
2 64566879 3331260
2 22759368 69496313
2 10132952 95345625
3 86550290 86550290 38010445
2 32114466 97809622
3 42879662 64260207 42879662
3 4249656 4249656 4694746
3 12618172 12618172 7961669
3 11297083 15612539 11297083
2 7585317 13778884
2 21999322 26313472
3 29850004 55873301 29850004
3 19753229 11313150 11313150
3 9834866 9834866 10008363
2 25513381 20288620
2 47401844 94803688
2 51338378 25669189
3 18396329 18396329 2628047
2 76330696 38165348
2 85594110 42797055
2 78661515 26220505
3 43512405 43512405 87024810
2 30842826 434406
3 78947415 5263161 78947415
3 51116208 51116208 17038736
3 75670416 76721394 75670416
2 48950973 43511976
2 37207208 55810812
2 77970655 93564786
2 73384053 97845404
2 64763100 59366175
3 64841765 77810118 64841765
2 65041002 65226304
3 99055269 99055269 88049128
2 54344451 46580958
3 1532 1533 4229
3 48734 48733 2119
3 387254 3143 2119
3 5308248 63485444 29204757
3 2782838 14129278 7093858
3 29573489 8187439 25344439
3 41360995 24434257 20411494
3 772993 16814343 2190093
3 12700494 5123403 685359
3 42823986 16201166 4585416
3 37257133 1373515 72070173
3 8030748 18134410 1289233
3 62270513 14561813 54399338
3 26174294 5783868 49005962
3 59011837 95210955 9718331
3 692000 7995200 13826400
3 85153131 36065898 6941430
3 9891574 17868364 21392564
3 6774954 42490194 90219986
3 19024916 5910899 25760687
3 5684403 7960478 4514425
3 50585489 15647099 67739
3 615729 166249 206505
3 5557998 11895564 17327508
3 19965028 8466296 78368324
3 92836650 26153350 36006700
3 5470412 1982537 9155966
3 1634478 1659610 3726778
3 411772 1974837 4170898
3 4488129 5654199 20922273
3 71164415 28538109 96880271
3 50960195 64424371 9801979
3 26169152 48651584 20131328
3 19735064 47141614 12612914
3 14824777 9457757 4220277
3 1492879 4931563 12615403
3 27764547 24801003 6495263
3 1175600 53841620 38670140
3 13473830 24613554 2931910
3 68987595 42492466 15193254
3 55768611 87516011 4328411
3 4013516 25079345 17238660
3 95079401 70599383 4017059
3 59607994 30347329 9979755
3 1008927 15454215 18413691
3 61077905 42983462 12086812
3 134356 4559854 1952227
3 89919621 3846567 76552557
3 40088321 22159217 26014575
3 928199 31885454 38928639
3 12443637 46183937 56699337
3 5223627 14756952 24586527
3 10310625 18061533 36420984
3 46478290 23918441 1602563
3 3664936 17549974 12849796
3 2287067 23395259 9880651
3 35984116 16948084 11838772
3 1227930 6910908 10540608
