100
3 6000000 11000000 26000000
3 1 11 10
3 27422137 27422137 73659867
2 95864020 46100642
2 49422463 12914397
3 99989007 49979494 99989007
3 98611512 28347768 98611512
3 46723617 46723617 96475925
3 34607167 79017794 79017794
2 33732398 93907244
3 14925322 73311332 73311332
3 29901187 29901187 99639761
2 68847346 35514812
2 72016802 37882022
3 336799 336799 563712
3 37104995 21803852 21803852
3 37059634 37059634 26220614
2 37718459 39013043
3 16534142 24977120 16534142
3 1520609 947649 947649
3 40801196 40801196 23091217
2 49967889 47477271
3 12028951 96231608 96231608
3 41711256 41711256 13903752
2 99910216 24977554
3 65728628 9389804 65728628
2 78399868 19599967
3 86429758 43214879 43214879
2 77414645 582065
2 69345110 34672555
3 99132716 49566358 99132716
3 26582462 79747386 26582462
3 50611257 67481676 67481676
3 79784436 79784436 99730545
3 49851516 62314395 49851516
3 9839710 9839710 19679420
3 21252580 21252580 31878870
3 50121879 50121879 33414586
3 76276555 61021244 61021244
2 78373156 97966445
3 73157364 73157364 91446705
2 61901120 58032300
3 3712 782 781
3 3403 52573 52572
3 205630 3403 4427
3 16824639 22916379 5636610
3 6064486 6056102 2676826
3 409349 31383101 6660848
3 23692624 31635238 41929616
3 42705978 44886222 10662998
3 48881464 18944854 5746174
3 59805049 24226105 816889
3 61790198 83633828 22489268
3 221955 520323 1024337
3 4022872 7993978 232072
3 1103759 71932924 67952442
3 16248687 21217755 9132006
3 1533931 6776011 8887315
3 6089413 3096463 204763
3 4129080 26694450 15519474
3 14336837 66057055 33265593
3 2611688 14507528 5911688
3 61805103 5462243 4227331
3 2775716 42854777 85061384
3 600738 222725 559851
3 26337500 16751966 4804632
3 46352065 31748362 24237595
3 44125724 81678100 890996
3 2235757 618537 3803257
3 953559 9405502 3390042
3 20262143 5564733 13093548
3 25898215 10630039 54675271
3 34710766 39943978 13999741
3 34289949 52510085 5356165
3 3179224 7759098 29743941
3 31786223 91614083 96047953
3 36031453 26236577 8134701
3 55179630 41152485 69516425
3 40957920 31844178 410391
3 756157 8536711 5767287
3 3454899 42355827 21369015
3 30764547 43994412 17865672
3 12335989 1599914 16291899
3 31727754 7594722 27812997
3 44018359 6870943 25411315
3 314731 4430179 8981083
3 7327228 36532723 86754928
3 29180582 15681758 13131782
3 13783215 14005165 1413845
3 668635 1809331 2997331
3 27942915 8086045 52154525
3 5403607 56299921 4734001
3 15699458 1553418 52937414
3 29448947 18305705 32044628
3 22971712 83878355 61846087
3 3632260 28604580 15861380
3 6152197 39410044 5767960
3 11634624 17886554 57211490
3 59530 1010227 616601
3 24446196 3710880 89397474
