100
3 11000000 26000000 6000000
3 11 10 1
2 93899165 42609487
3 87588338 87588338 38172250
2 33395877 92187931
2 5300327 91266579
3 83809769 28828797 83809769
2 12346523 57707874
3 79951894 79951894 2079355
2 22441692 77835600
3 88755757 44347685 44347685
2 83593842 38287944
2 12182119 11085123
3 25202031 35314129 25202031
2 36506785 40783061
3 30371802 18162992 18162992
2 28889565 23165218
2 34221082 67863524
3 14520515 14520515 7382862
3 76218579 46380123 76218579
2 17400030 11689495
2 80907520 41558625
2 88275230 44137615
2 75357108 37678554
2 77479804 38739902
3 82227507 82227507 3575109
2 89567790 29855930
2 25759767 2341797
3 2183336 8733344 2183336
3 91723336 91723336 11465417
3 98410368 98410368 49205184
3 39188244 78376488 78376488
2 47604033 31736022
3 27751856 27751856 20813892
2 14097788 10573341
2 39163530 19581765
2 65381641 61940502
3 19518590 39037180 39037180
3 93724664 70293498 93724664
3 84401016 96458304 84401016
3 89915177 89915177 98089284
3 96684588 96684588 93231567
3 8697 5740 5741
3 53633 7089 53634
3 7089 361548 8113
3 59675148 37217232 39314184
3 32409619 50426849 16662092
3 30526480 4518010 64452664
3 5853796 31972210 50008490
3 48073059 17598519 76805694
3 3046377 58505025 93363723
3 53031706 17314320 39000171
3 6417539 6817131 4702955
3 54269802 67655069 25841129
3 40838640 60000192 95838816
3 9092565 62683542 88653680
3 38705159 24151399 72430699
3 7750840 45388060 35141700
3 22450512 98616224 81634896
3 1769225 24247 2266739
3 4265121 458076 529851
3 34007435 14184779 64760003
3 26475190 17367559 24724207
3 40172085 39198492 95739678
3 27134832 42463571 49443
3 60355976 49652136 21286960
3 15036207 38433615 34989471
3 24192737 37265174 8752520
3 73141673 16314923 14345048
3 248211 856203 12723
3 1722559 11542243 4853327
3 37882328 36371031 4903970
3 29035398 60111870 99576708
3 3736453 612053 2631678
3 858170 4440296 7229108
3 32552235 27077951 25995247
3 12915703 25534413 3740329
3 1124368 7175378 15359503
3 11087280 29900610 70776990
3 5977897 1075945 51000233
3 13255463 6591783 5234727
3 21778215 30871719 11606927
3 2228655 1594125 2917395
3 13495347 26125922 51714772
3 14748839 7367541 9566525
3 3878779 5834665 22429079
3 53811396 37000564 10207496
3 42748640 784657 34026119
3 40215328 3174784 22704020
3 1119477 1367949 331340
3 98161360 39226800 74679200
3 6888105 3066108 11571189
3 94997714 61819903 58423522
3 26879967 9509718 30800871
3 1686413 7092038 718913
3 44816304 35710996 18091016
3 22108017 43507263 25336230
3 69898093 64598998 5570488
3 26371180 3519892 11009152
3 38735767 11425593 4407715
