50
4 6 4
1 4 2 1
100 10 1
1
5 5 10
2 4 2 3 4 2 1 2 1 3
1 1 1
1
100 2 2
1 2
1000 100 10
4 3 9 1 2 5 6 9 1 10
1 10 10
4 3 4 1 2 5 6 9 1 10
1 10 9
1 1 1 1 1 1 1 1 1
1000 10 9
1 1 1 1 1 1 1 1 1
934 9 10
8 8 8 8 8 8 8 8 8 8
734 3 10
1 2 3 3 2 1 1 2 3 1
345 19 10
10 10 10 10 10 10 10 10 10 10
765 10 10
10 1 10 1 10 1 10 1 10 1
1000 100 10
10 10 10 10 10 10 10 10 10 10
734 20 10
1 2 3 4 5 6 7 8 9 10
631 16 10
10 9 8 7 6 5 4 3 2 1
4 9 9
9 7 8 6 3 8 2 2 5
3 10 8
8 8 4 3 4 10 2 3
4 6 6
1 3 4 2 2 5
2 8 9
1 5 2 1 2 4 6 8 3
912 10 10
2 2 6 5 3 7 10 7 8 6
823 10 9
3 5 3 9 9 7 5 9 9
234 14 10
10 8 4 5 5 7 6 6 2 3
277 12 10
7 7 9 10 3 3 4 7 6 4
9 23 10
6 4 4 7 1 4 6 4 10 1
9 26 10
3 9 6 10 2 4 7 2 5 1
9 27 9
10 4 6 5 3 1 9 7 9
8 21 9
5 1 5 6 7 2 9 8 9
49 10 8
7 7 7 7 6 7 6 7
150 21 8
7 8 6 8 6 7 6 7
256 21 8
8 5 5 6 7 5 6 9
387 48 9
9 8 9 6 6 8 8 9 7
256 42 10
6 5 7 8 8 5 6 6 9 6
583 52 9
9 5 5 8 6 8 7 9 5
206 70 8
6 6 7 7 5 8 6 5
642 24 9
5 7 9 9 9 7 8 6 6
499 91 9
5 7 9 9 7 7 6 7 8
233 66 8
7 5 9 9 7 5 7 9
878 2 8
2 2 2 2 2 2 2 2
996 81 5
6 9 9 7 7
659 82 7
6 5 9 7 6 8 7
929 69 6
9 8 5 5 7 7
8 1 7
1 1 1 1 1 1 1
731 65 5
8 8 8 8 7
291 6 8
6 5 6 6 5 6 6 6
453 93 6
9 9 8 7 9 6
286 43 9
8 8 6 6 9 5 7 8 5
923 7 7
7 7 7 7 7 7 7
329 81 6
9 6 5 6 6 6
675 26 7
7 5 9 5 9 9 7
