30
4 6 4
1 4 2 1
100 10 1
1
5 5 10
2 4 2 3 4 2 1 2 1 3
1 1 1
1
100 2 2
1 2
1000 100 10
4 3 9 1 2 5 6 9 1 10
1 10 10
4 3 4 1 2 5 6 9 1 10
1 10 9
1 1 1 1 1 1 1 1 1
1000 10 9
1 1 1 1 1 1 1 1 1
934 9 10
8 8 8 8 8 8 8 8 8 8
734 3 10
1 2 3 3 2 1 1 2 3 1
345 19 10
10 10 10 10 10 10 10 10 10 10
765 10 10
10 1 10 1 10 1 10 1 10 1
1000 100 10
10 10 10 10 10 10 10 10 10 10
734 20 10
1 2 3 4 5 6 7 8 9 10
631 16 10
10 9 8 7 6 5 4 3 2 1
3 6 7
1 6 6 1 5 6 4
3 10 8
4 4 9 10 8 9 5 7
2 8 8
6 7 6 1 4 4 4 2
2 6 6
6 4 2 3 1 4
113 6 10
5 3 4 4 2 6 2 4 1 5
532 7 10
2 3 1 4 5 5 4 1 6 2
682 10 10
9 5 9 2 2 10 7 10 9 10
786 9 10
3 5 9 9 7 3 2 6 9 2
8 27 10
7 3 10 5 8 1 9 9 4 3
7 29 10
8 10 2 4 9 1 9 10 4 6
7 21 10
3 1 6 1 8 5 5 10 9 3
6 28 9
5 1 2 5 6 9 6 8 5
13 19 9
7 5 9 7 6 8 9 8 9
201 16 8
6 7 8 5 8 6 7 9
169 13 9
6 8 5 5 9 5 5 8 5
292 45 8
8 8 6 6 9 8 9 9
191 33 8
6 8 6 8 8 7 8 5
435 63 9
6 8 6 8 6 6 5 6 8
320 27 8
8 6 7 8 6 8 8 5
744 72 8
9 7 7 7 7 8 5 8
191 53 9
9 7 5 6 8 6 6 5 8
350 18 7
9 5 5 8 7 6 7
147 36 9
8 7 6 8 9 5 6 5 9
983 43 9
8 5 5 6 8 5 6 7 7
563 23 9
7 9 5 9 7 7 8 6 6
286 42 6
7 8 6 6 5 8
948 52 5
8 7 8 5 5
346 46 5
9 9 7 6 7
963 19 9
5 6 6 7 8 9 9 8 5
608 26 5
5 8 5 5 6
452 66 8
8 5 5 8 7 8 9 6
378 83 7
7 9 5 7 9 9 6
300 82 9
9 8 6 8 6 6 6 7 8
667 26 6
7 5 8 7 9 6
